29143
90835
56395
68161
59631
100380
69216
38625
15993
83809
54346
92276
12277
77277
16700
4130
92150
84037
57937
27476
4142
18214
43065
39513
64132
17545
47305
52358
79234
73093
81869
31754
93023
40464
48788
32545
26875
11402
82434
58918
55402
7830
17726
21730
87868
23090
50629
81740
55488
75607
97536
28787
66152
30833
47680
87247
10076
69475
53451
49203
20174
84493
74701
71370
73510
91568
52312
27221
46215
19150
74580
22560
71737
78626
81307
72579
86083
42759
81960
96239
30531
35357
9021
60396
52964
52190
13749
72602
85482
57105
31979
84830
12117
75432
6852
50701
87685
85280
80835
58777
89778
42166
36742
29471
40509
67540
79189
68737
77647
79979
14631
96369
81760
58594
44149
75149
29660
8634
4565
36381
10860
86839
27330
63374
56603
52509
42182
33058
93514
18956
18823
72267
52772
42319
42545
66224
45142
100827
34715
90136
87817
22043
51182
74871
57026
79136
89922
96668
67701
50381
49349
96028
45787
3385
93656
3744
59364
75119
76254
25142
49200
56516
59261
21713
92743
7305
36596
43041
26403
98672
59563
26296
51512
98652
4092
17941
52104
14687
20245
57459
82502
98585
85907
43536
74045
70523
26486
11983
5515
8040
51585
31915
40112
90919
92985
59901
14600
33123
84767
69258
14978
22681
85710
97662
17959
12782
85626
61370
63286
48915
81028
61819
59425
6607
57174
64693
83187
19792
23373
17773
90416
13451
46195
52841
89757
78039
51614
81199
85398
25972
19767
33420
95390
86508
100422
57417
24151
48279
43163
32369
18832
43300
61456
12897
16815
77358
95731
44414
9156
44454
37842
5425
70190
1111
27823
45481
7890
30254
64011
12255
79042
76614
6478
19846
77868
9293
63196
17217
52332
96844
63694
31286
28063
31429
39072
2878
34832
9770
50501
35905
24365
45815
13169
75519
68559
14384
76238
29383
62226
89622
99124
30374
92158
30766
55988
6817
3985
40568
19964
34317
90287
48062
74421
30852
12457
50272
54296
90690
14583
7120
13153
58022
69124
53871
16761
12899
32235
56744
9006
15418
63891
5410
98630
73001
14334
57359
40616
27082
5657
5312
97920
7665
18282
98754
62946
69449
94191
8881
39504
87307
95209
11411
68783
95220
1422
50692
18876
56998
61640
90485
80391
18572
16685
8938
49542
97652
40580
69139
27831
3862
87955
7404
19733
14830
4281
51984
36053
29370
100081
95831
63103
40521
72094
8113
80621
5845
49774
34913
100610
100446
7467
94277
53012
53873
68034
16808
81202
31458
83654
42537
10455
71841
71254
53650
2292
4178
80369
4154
56021
84926
3294
31626
28994
39779
11743
31687
46645
83228
67586
27572
63422
48907
13771
78443
40492
46605
60741
64863
79126
24813
55288
7141
42738
69596
65266
42546
72622
55982
6957
69162
36692
16878
55054
11042
10048
46345
84365
39879
39537
9362
7217
96170
27100
55735
77318
81641
78457
89125
13991
16199
41063
57262
91478
30603
44502
8175
16105
10732
39065
57696
9519
84165
77018
96739
46692
65720
45110
43039
73013
94010
91871
6622
45044
27618
93609
46147
82954
48618
21564
85183
77927
14924
49216
32491
51110
67312
27669
47819
23662
23240
93085
53384
56843
27259
44538
76420
55794
78483
55919
37531
48498
34074
64944
49458
79737
73471
96841
13824
51289
24346
15516
52641
28612
47160
78735
54104
85446
82770
13688
65833
99204
1508
13217
27519
72379
18493
64566
58164
76522
27713
58976
99675
15254
77875
19543
49180
92484
2840
52665
71196
88773
99019
6255
27383
88906
12570
29755
47775
43537
91296
80889
36338
51435
7332
26961
93669
33376
35288
55107
92058
25308
92787
16897
5281
43406
81563
19117
71023
28710
64641
99367
84591
81255
26241
53795
10685
85220
44072
60570
41329
49052
56438
37219
32754
59225
48916
79895
73088
98406
21045
91172
16145
58816
68800
15144
61733
79640
20304
62983
16753
76028
82275
49286
61742
56455
47463
35093
90089
23569
6318
77405
57159
5609
49344
99896
55514
54670
23336
58320
9029
34093
16410
94436
55274
75613
9007
20679
2356
66046
71695
37927
74435
78968
27715
59658
63102
2552
74702
48522
90556
59322
46499
14225
70320
73567
22922
7462
89015
86664
70530
41533
88069
9086
74037
93624
37913
29608
50252
68726
46519
79317
4997
46805
75554
47114
55351
84420
46156
47686
3049
60060
17175
70751
65104
87334
4231
52082
20512
47303
97420
1833
51667
35835
42100
22760
15273
18898
65359
29236
54602
61302
99927
16495
74206
90635
16367
29494
80948
78637
79052
62417
88769
12924
98431
50387
69447
34926
29156
96232
76396
24089
38277
46228
45291
55607
40271
97293
57753
57402
61313
95886
56060
35446
33316
31641
16189
50807
14171
95637
98088
99912
47929
51338
26092
12979
84721
27171
35132
9373
1166
14632
2275
14475
30700
7503
44007
67842
100876
61163
75533
60764
91164
87808
55037
24113
50556
43669
17838
95019
6744
76513
46083
7126
61348
23162
81589
15356
40952
21613
75281
49144
38849
9108
50666
47018
91821
1283
84566
79906
78206
88047
28957
86334
3308
82960
48202
37557
20347
31955
56344
48961
73016
51426
50265
25750
67026
78710
13524
81285
64074
69661
70157
33490
19913
84342
14273
45224
19873
62672
28626
28781
35409
56533
62122
1190
75458
77806
81622
16122
37917
91646
64389
16321
85705
12242
34150
48955
69964
86654
70042
19167
87929
65552
89546
5931
41558
16176
2630
83619
93203
45047
15652
49590
91761
86704
96238
3970
14559
64705
66482
63443
22226
90272
65867
33969
73785
99969
72800
34233
71487
37052
97770
84042
43152
47164
66436
22080
14398
14221
77722
31016
96792
9750
5306
87531
84385
13832
15110
32995
42788
96923
10917
35367
98728
93709
6212
45196
87860
90219
36165
3328
31443
83118
27931
47997
58092
61430
43021
70856
96196
18846
12038
7151
97972
84062
5679
11553
36882
58231
95628
43078
12040
41790
56000
32949
17718
89320
93884
82181
25557
62744
40683
55409
14275
92922
95354
33921
89769
95823
20818
35976
26561
68588
30498
42117
27978
73035
8047
81940
24090
39822
91084
4202
23362
18249
89717
43451
41577
61226
2176
15112
57627
48134
75786
85607
44350
35272
79341
47980
45469
95398
57162
66391
16279
5557
62064
99563
52818
86402
64667
17336
27568
93646
43193
2666
60330
24368
8390
41908
1927
37014
81315
100389
42556
77592
68914
11557
38160
23672
87841
49630
36831
48730
72001
9575
19802
70142
40764
35237
37048
